0.00000000000000000000000000000000,
0.01308959557134443951742497347368,
0.02617694830787314907993845736200,
0.03925981575906861004154890792961,
0.05233595624294382769869926619322,
0.06540312923014306167868170405200,
0.07845909572784494356856299646097,
0.09150161866340236760386517289589,
0.10452846326765345696951925447138,
0.11753739745783765846542934241370,
0.13052619222005157340049663616810,
0.14349262199117931992908836491551,
0.15643446504023086895962535436411,
0.16934950384902458520031132138683,
0.18223552549214744322725323399936,
0.19509032201612824808378832130984,
0.20791169081775931481992358840216,
0.22069743502150107605785933628795,
0.23344536385590541893719773725024,
0.24615329302899305319307643458160,
0.25881904510252073947640383266844,
0.27144044986507426253652397463156,
0.28401534470392264530858028592775,
0.29654157497557093181583809382573,
0.30901699437494739575171820433752,
0.32143946530316158671780613076407,
0.33380685923377090285057988694462,
0.34611705707749296223596502386499,
0.35836794954530021284355711941316,
0.37055743750983627382566965025035,
0.38268343236508978177923268049199,
0.39474385638426723321714462144882,
0.40673664307580015275789264705963,
0.41865973753742807828004401926592,
0.43051109680829507952992685204663,
0.44228869021900124591795133710548,
0.45399049973954680448073872867099,
0.46561452032511141396753373555839,
0.47715876025960846096296563700889,
0.48862124149695490560318944517348,
0.49999999999999994448884876874217,
0.51129308607705203915116953794495,
0.52249856471594879891995333309751,
0.53361451591561159801813118974678,
0.54463903501502708426329490976059,
0.55557023301960217764872140833177,
0.56640623692483282880516526347492,
0.57714519003723363521629607930663,
0.58778525229247313710345679282909,
0.59832460057065905978390674135881,
0.60876142900872065588657733314903,
0.61909394930983385751943615105120,
0.62932039104983739097320949440473,
0.63943900198058478689944195139105,
0.64944804833018365819441441999516,
0.65934581510006884386143610754516,
0.66913060635885812654777282659779,
0.67880074553294167394312808028189,
0.68835457569375402275824171738350,
0.69779045984168019955973250034731,
0.70710678118654746171500846685376,
0.71630194342465414170106896563084,
0.72537437101228763314253455973812,
0.73432250943568555534568531584227,
0.74314482547739424411759046051884,
0.75183980747897738439178283442743,
0.76040596560003093085100545067689,
0.76884183207345957455913776357193,
0.77714596145697079077052649154211,
0.78531693088074494557560001339880,
0.79335334029123516508263946889201,
0.80125381269106066284280132094864,
0.80901699437494745126286943559535,
0.81664155516167891146750434927526,
0.82412618862201569847059090534458,
0.83146961230254523567140267914510,
0.83867056794542405029346809897106,
0.84572782170397331480415914484183,
0.85264016435409217820051708258688,
0.85940641150145269389071245313971,
0.86602540378443859658830206171842,
0.87249600707279706401919838754111,
0.87881711266196527176930430869106,
0.88498763746304176525114826290519,
0.89100652418836778778654661437031,
0.89687274153268836673902342226938,
0.90258528434986062816136609399109,
0.90814317382508125131579390654224,
0.91354545764260086659902526662336,
0.91879121014889819640814039303223,
0.92387953251128673848313610506011,
0.92880955287192423774911276268540,
0.93358042649720174299687869279296,
0.93819133592248415975944908495876,
0.94264149109217842958940991593408,
0.94693012949510557696441992447944,
0.95105651629515353118193843329209,
0.95501994445718663140354465213022,
0.95881973486819305207973229698837,
0.96245523645364738918317470961483,
0.96592582628906831221371476203785,
0.96923090970675440658510524372105,
0.97236992039767655704451954079559,
0.97534232050851266127011740536545,
0.97814760073380557781064226219314,
0.98078528040323043057924223830923,
0.98325490756395461655614553819760,
0.98555605905807774913540697525605,
0.98768834059513777035022030759137,
0.98965138681967024236740826381720,
0.99144486137381038215465878238319,
0.99306845695492629300105136280763,
0.99452189536827328986134943988873,
0.99580492757466176900749132983037,
0.99691733373312796384624334677937,
0.99785892323860347907782397669507,
0.99862953475457383323288240717375,
0.99922903624072290096336246278952,
0.99965732497555725988291897010640,
0.99991432757400700026551021437626,
1.00000000000000000000000000000000,
0.99991432757400700026551021437626,
0.99965732497555725988291897010640,
0.99922903624072290096336246278952,
0.99862953475457383323288240717375,
0.99785892323860347907782397669507,
0.99691733373312796384624334677937,
0.99580492757466176900749132983037,
